27413611
27852060
27798887
27089535
27623516
27882144
27077410
27224777
27885290
27368761
27302163
27951287
27543997
27544081
27546140
27588592
27449608
27888705
27074026
27943295
27794196
27317825
27638455
27026209
27040575
27303176
27094459
27008705
27304412
27743461
27414611
27731706
27544924
27562602
27234194
27917258
27457034
27560013
27584422
27297904
27179773
27411795
27108066
27588565
27137048
27409638
27053663
27500458
27484430
27041956
27123567
27795226
27172317
27197166
27726285
27397470
27876797
27266661
27911042
27039511
27899130
27206795
27429400
27358185
27595428
27221230
27539730
27298600
27506747
27988744
27875367
27417871
27275891
27732455
27601082
27584851
27973916
27199672
27873360
27603050
27704804
27920005
27857419
27708624
27359153
27069044
27075033
27307296
27413562
27653623
27331644
27896285
27872705
27761766
27948023
27762504
27784730
27761966
27012274
27767766
27203494
27002148
27566879
27849149
27034817
27737172
27579867
27283213
27333390
27770401
27919141
27260702
27063393
27715955
27461464
27913800
27747104
27937020
27424709
27433505
27843644
27026710
27111851
27952609
27158949
27579466
27027696
27600584
27848482
27761752
27545951
27821443
27063213
27889493
27269513
27446741
27806910
27649146
27045459
27158230
27820548
27141796
27499564
27432171
27486604
27067995
27800540
27500997
27944584
27533197
27383583
27698109
27738975
27309810
27343290
27901528
27137397
27166492
27863160
27477129
27710554
27778986
27333671
27684643
27944801
27804858
27824053
27358821
27480039
27639037
27237821
27430036
27962869
27470721
27786655
27553080
27670997
27356362
27576986
27758273
27565028
27451538
27192082
27136789
27233658
27037061
27472252
27696557
27477994
27736701
27249290
27243415
27123608
27673515
27796905
27808850
27152693
27280241
27702675
27681225
27185806
27952140
27435146
27231479
27771345
27902836
27118676
27816090
27887764
27974210
27733603
27170370
27282964
27604958
27486275
27674174
27070645
27827191
27248043
27574098
27015858
27911283
27757257
27812060
27295683
27714211
27778744
27824343
27839196
27101281
27279207
27737851
27144913
27028348
27112829
27437922
27364018
27027224
27588862
27532660
27825269
27164238
27714321
27936695
27945903
27115439
27623360
27770378
27484935
27131415
27713086
27534707
27271874
27407313
27155947
27084286
27641155
27039571
27312854
27255248
27942841
27771686
27744829
27304967
27563045
27087998
27313864
27647540
27449404
27541917
27678912
27441948
27920395
27990205
27836084
27918595
27569739
27277239
27164405
27489070
27046466
27353199
27441241
27296398
27461375
27558434
27606437
27685637
27769981
27804063
27898622
27827260
27797400
27907539
27151176
27975243
27836623
27414406
27907735
27499401
27721270
27779695
27880296
27781182
27157902
27863612
27286936
27858186
27750233
27971021
27900733
27243402
27842589
27835773
27408698
27956565
27275206
27224851
27470019
27851501
27576374
27258858
27962059
27164737
27997712
27812074
27389170
27150161
27616979
27625884
27502815
27101881
27032197
27989072
27930226
27875621
27198873
27958806
27484046
27415616
27336617
27064599
27487794
27506991
27109580
27999481
27127064
27040365
27982770
27409701
27265770
27929085
27306777
27777546
27313776
27836975
27847769
27693884
27140793
27081670
27821957
27067587
27877549
27052453
27505516
27535182
27517946
27845993
27751005
27920305
27328340
27442180
27738116
27228069
27429878
27505148
27342361
27975588
27291580
27099909
27331861
27562510
27420443
27190934
27120422
27353386
27746544
27224116
27577985
27799756
27021819
27875468
27522298
27685731
27102513
27072273
27885600
27822905
27345052
27409115
27296955
27478678
27696439
27356767
27539843
27160638
27542508
27093855
27541448
27629540
27890278
27006711
27370086
27085272
27380179
27538438
27409791
27151826
27539418
27281752
27418213
27835925
27189241
27541565
27783696
27396827
27510978
27685533
27661563
27650515
27729802
27074984
27703212
27265302
27612866
27438193
27786068
27729766
27375744
27959544
27775768
27476812
27757953
27940861
27439911
27980480
27861815
27092507
27823832
27155303
27543697
27989294
27461328
27685185
27872437
27166110
27974714
27704265
27881905
27100379
27893561
27680345
27627212
27319838
27917244
27741432
27713931
27239687
27722768
27832360
27373746
27183916
27197315
27115624
27318022
27203722
27757171
27299354
27224708
27279833
27930026
27781409
27435875
27725132
27106511
27161246
27451691
27811454
27889916
27585556
27772435
27840163
27291279
27996188
27389082
27540830
27606276
27547963
27779492
27341914