17 68 86 10
99 41 34 77
24 52 63 29
30 54 59 11
99 25 71 80
74 38 45 93
14 67 88 14
70 19 87 94
19 80 81 57
91 43 39 73
31 37 11 29
76 55 63 99
69 38 36 11
51 49 44 18
69 28 53 43
20 98 90 78
94 59 55 88
45 56 60 33
89 26 68 70
46 18 19 63
92 79 78 52
21 72 17 16
23 12 87 72
72 71 84 50
81 67 24 24
94 91 31 62
32 43 50 17
58 90 45 32
29 48 63 52
48 17 60 57
44 47 37 87
32 20 78 95
45 27 25 49
21 23 15 36
98 83 18 44
93 27 47 70
30 52 72 67
83 89 25 54
66 71 14 62
49 46 65 40
54 31 33 84
30 91 96 68
82 44 76 13
40 46 74 47
78 85 43 22
38 23 92 25
62 32 31 22
42 45 50 12
22 96 40 97
56 46 79 90
56 85 88 23
96 35 59 35
82 18 79 29
65 68 64 34
61 56 83 31
24 96 40 61
99 65 14 57
39 27 28 42
21 95 86 64
21 28 98 76
41 90 69 51
44 97 28 39
88 48 84 13
24 41 97 84
55 64 40 38
27 75 53 60
60 54 23 39
47 74 37 29
95 15 36 81
21 26 86 42
85 59 20 85
58 10 42 75
16 37 65 41
32 36 83 38
66 51 35 77
93 14 75 13
80 49 71 92
77 22 69 39
73 58 10 27
55 35 86 25
62 26 11 67
16 33 92 61
26 43 36 11
15 17 26 19
70 20 28 91
22 76 33 81
12 73 74 97
34 66 13 73
37 89 34 30
89 87 95 48
50 20 42 93
82 82 35 75
34 77 94 12
57 16 79 13
33 51 98 15
10 12 61 41
58 46 19 15
64 16 53 66
53 30 80 18