3843 3090
3768 2666
3623 2748
3573 3106
3869 3126
3510 2680
3976 2753
3725 2860
3664 3467
3595 2870
3717 3235
3503 3072
3983 2863
3741 2715
3684 3465
3904 2960
3719 3109
3541 3443
3889 2513
3669 3015
3594 3311
3743 2806
3610 3264
3773 2820
3556 3149
3873 2667
3897 2963
3828 3221
3643 3187
3596 2559
3559 3146
3549 2797
3876 3076
3511 2728
3686 2704
3696 2788
3631 2900
3975 2816
3886 3096
3614 3471
3964 3371
3946 3007
3942 3426
3947 3054
3588 2782
3620 3233
3502 2754
3806 3252
3777 3066
3673 3403
3747 2714
3671 2550
3660 2842
3874 2505
3769 2662
3961 2785
3981 2966
3830 3088
3545 3360
3700 3700
3784 3468
3970 2720
3765 2980
3533 2792
3642 3275
3762 3008
3670 2969
3903 3349
3928 2668
3635 2778
3689 3023
3920 2691
3666 2742
4000 3150
3515 2927
3781 2882
3911 3449
3943 2587
3979 3192
3901 2972
3529 2943
3501 2759
3655 3137
3627 3287
3516 2857
3995 3212
3945 3448
3890 2866
3568 3260
3554 2757
3637 2874
3737 2730
3531 3353
3713 3111
3731 3236
3566 2573
3974 3470
3775 2932
3856 2822
3677 3240
3704 3328
3617 3335
10 10
3892 3170
3621 3273
3962 3118
3507 2569
3540 2571
3973 3198
3520 3322
3916 2554
3581 2687
3597 3292
3864 3441
3908 2843
3700 3701
3902 3405
3813 3027
3825 2851
3866 3436
3598 2894
3727 3020
3742 3431
3986 3372
3710 3495
3905 2761
3807 3278
3783 3175
3932 3418
3715 2853
3993 2604
3832 3030
3870 2670
3601 2590
3978 3404
3602 3425
3999 2605
3923 3378
3735 2578
3991 2620
3509 2732
3536 3176
3865 2576
3770 3312
3767 3202
3679 3270
3761 2645
3645 2861
3524 3347
3909 3487
3837 3249
3893 2758
3751 2738
3922 2577
3989 3337
3900 2504
3875 3377
3786 3040
3931 2508
3793 3190
3827 3469
3898 2917
3885 3283
3714 2619
3861 2919
3615 3074
3658 3319
3926 2884
3839 2877
3810 2621
3589 2580
3820 3077
3716 2648
3564 2819
3700 3702
3548 2933
3937 3224
3712 2607
3547 2656
3652 2889
3560 2723
3919 2821
3941 3305
3755 2708
3657 3105
3572 2696
3634 2971
3608 3052
3831 2838
3579 2770
3724 2672
3757 2840
3574 3022
3628 2790
3789 2612
3754 3039
3748 3474
3871 3012
3534 3203
3641 3499
3788 3244
3766 2528
3842 2992
3927 2787
3706 3031
3951 3373
3611 3296
3592 3375
3953 2583
3849 3295
3977 3062
3776 2565
3758 3024
3834 3325
3934 3348
3772 3091
3675 3142
3639 2771
3702 3489
3930 2844
3740 2591
3792 2633
3925 3342
3578 3032
3796 3205
3703 2592
3577 2760
3950 3210
3966 2638
3894 2510
3508 2697
3760 2939
3583 2557
3626 3169
3707 2523
3580 2989
3795 3193
3965 2891
3605 3080
3649 2563
3600 3152
3722 3338
3539 3228
7202 3602
7198 3600
3563 3477
3969 2649
3800 2982
3570 3442
3809 2512
3633 3344
3846 3110
3801 2740
3853 3402
3745 3086
3543 2977
3879 3131
3680 2743
3817 3461
3544 2935
3535 2794
3636 2608
3914 2814
3790 3334
3779 2830
3982 2902
3838 3125
3616 3409
3948 3279
3550 2536
3971 3208
3591 3265
3659 3243
3624 3352
3676 2657
3551 2617
3665 2741
3647 2987
3917 3043
3505 2500
3812 2575
3840 2962
3787 2737
3739 2783
3638 3427
3935 3044
3661 2600
3555 3183
3691 2516
3753 3154
3562 3038
3845 2585
3799 2835
3759 3049
3868 2519
3782 2683
3625 2623
3744 2923
3736 3327
3910 2918
3829 3021
3859 3237
3698 3271
3888 3291
3527 2507
3824 2763
3883 3308
3687 3232
3730 3005
3815 3376
3802 3326
3558 3055
3604 2609
3587 3336
3972 3226
3976 1989
3692 3254
3929 3463
3816 2614
3553 3000
3618 2873
3546 3227
3752 2618
3514 2824
3860 3445
3867 3298
3678 3428
3644 2595
3891 3248
3709 3067
3682 2780
3699 2774
3848 3163
3700 3433
3733 3374
3821 3309
3844 2901
3918 2825
3746 3116
3814 3262
3738 3261
3609 2910
3921 2871
3557 2967
3808 3343
3944 3127
3523 2721
3622 2532
3756 2525
3632 3037
3803 2729
3899 2553
3721 3362
3998 2628
3650 2775
3662 2558
3913 3350
3668 2854
3818 2509
3732 3070
3797 2658
3606 2746
3990 2514
3506 2907
3690 2660
3538 3148
3565 2555
3984 2671
3836 3412
3819 3286
3629 2833
3940 3432
3791 2584
3912 3500
3674 3071
3537 3369
3708 3453
3907 3002
3648 3099
3688 3113
3956 2710
3552 3216
3694 3018
3872 3391
3881 2777
3880 3151
3603 3124
3630 2955
3763 3082
3798 3181
3822 3047
3835 2556
3851 3089
3955 3384
3878 3250
3526 2537
3705 3098
3517 2756
3612 3346
3607 3410
3576 2803
3852 3472
3833 2613
3586 3060
3794 2904
3933 2986
3646 2862
3805 2540
3672 3173
3522 2610
3823 3294
3571 3057
3569 2826
3726 3085
3582 2983
3994 2784
3575 3129
3952 2694
3980 2549
3780 2503
3863 3092
3924 3204
3530 3084
3697 2848
3519 3123
3518 2878
3882 3253
3949 2636
3561 2639
3896 2711
3847 3069
3862 2911
3711 2702
3915 3238
3512 2869
3619 3424
3656 3473
3663 2745
3771 2717
3985 2551
3778 3497
3967 3034
3513 2912
3906 3222
3960 2546
3599 2635
3567 2841
3957 3108
3750 3368
3593 2641
3987 2685
3654 2936
3584 3155
3854 2676
3764 3101
3695 3056
3720 3285
3723 2530
3590 2627
3959 2722
3895 3439
3954 3430
3968 2686
3826 3314
3857 3365
3785 2762
3884 3491
3681 2997
3841 2897
3651 3107
3542 2602
3613 2991
3936 2809
3850 2973
3887 3395
3958 3411
3804 3164
7200 3601
3997 3417
3504 3078
3855 3117
3667 3058
3701 3026
3939 2542
3528 3100
3521 2957
3532 3104
3640 2673
3877 3197
3811 2896
3963 3268
3992 2675
3734 3383
3585 3341
3693 3143
3996 3046
3653 2625
3858 3161
3749 2795
3683 2511
3718 3457
3988 2837