1008 1002 1009 1006
1002 1008 1007 1002
1000 1003 1003 1002
1006 1005 1004 1008
1002 1000 1007 1009
1007 7576 9246 1009
1004 1009 1001 1004
1007 1006 1003 1005
1007 1002 1007 1003
1005 1002 1000 1008
1003 1009 1008 1002
1004 1008 1007 1004
1002 1000 1007 1002
1003 1009 1002 1008
1006 1009 8394 1002
1003 3812 1004 1003
1004 1001 1004 1005
1001 1006 1005 1004
1005 2797 1000 4525
3267 1004 6584 1005
1005 1005 1003 1001
2526 1004 1007 1001
1007 1007 1009 1008
1005 1001 1000 3037
1005 9707 1009 1002
1001 1009 1001 6921
1006 1000 1004 1002
1006 1006 1003 1005
4974 1001 1005 1004
1000 1009 1004 1002
1003 1005 7964 1001
1001 1003 1006 1004
1006 4500 1008 1005
9772 1003 1006 1003
1008 1008 1004 1008
1001 1000 1008 1001
1001 1001 8699 1004
1001 1004 1002 2163
1007 1001 1006 1006
1009 1007 1008 1004
1007 1009 1003 1001
1004 1006 1008 1001
1002 1006 1004 1004
1003 1006 1008 1001
1007 1009 1008 1003
1003 1003 1003 1002
1004 1008 1003 1003
1000 1000 5429 1000
7712 1007 1007 1005
1000 1004 1008 1004