177933
125796
112249
110042
147391
154302
128724
174110
135305
159847
120789
158267
194813
120422
182709
134137
193878
171421
104361
169575
195424
162448
121273
164199
199503
122641
146831
159660
115156
182876
130526
168006
186305
175356
158078
171590
174598
125347
191119
112739
158768
159901
151909
117130
142110
177427
135986
169277
140014
166142
162880
138927
192397
194191
156498
180521
103357
161996
137647
156220
189483
142117
162329
121060
153528
167627
142237
183553
147750
109819
144992
122787
164553
174445
117274
130517
183657
126228
104879
165062
125116
199255
138509
107299
132762
192708
183263
195755
163103
103884
102141
150511
191782
197047
190089
149123
178386
107755
134121
121407