7253
9700
2876
9003
2524
1664
7981
5484
2146
2455
5242
4653
9896
9603
3944
7874
2453
2239
9309
9185
9348
2703
2209
3666
5913
8096
8108
7844
1924
8144
3050
3651
7860
4946
2115
8900
2398
8317
2578
9299
1756
6660
8451
8226
8694
5191
9352
4248
9222
7835
9090
8985
7356
8291
8467
3656
2407
3738
9429
1471
6879
7088
4689
3675
7826
3248
7159
3918
8868
8733
5095
5591
5186
4797
6564
5601
8907
2936
2285
4140
2721
9260
1702
8077
7992
8549
9586
5654
1651
3771
9374
7068
4755
4726
1787
3835
1654
5489
6625
9974
1918
6172
7668
6513
7524
7012
4866
3969
3359
3175
2478
7404
8600
1755
4813
6657
6053
5297
1683
9243
8816
3504
6754
7765
7567
3652
2026
1331
9218
7839
8773
7151
8232
8177
3220
3469
4474
2304
1347
5690
3048
8858
8902
9114
7656
9646
5046
3267
5218
9315
2908
6521
7067
1294
7484
7049
8913
5101
8367
5544
9068
3407
4152
9203
8017
4563
8774
6771
6107
6396
2954
8882
1327
3407
5285
6165
7927
7234
6637
1233
8839
1663
4987
3152
1400
7912
6401
1639
3925
2257
6637
6517
8581
4000
5748
5388
1440
6773
9286
8984